size 1000000
368434876
181066356
180736065
175231575
185615474
170351590
167297631
160833653
165845952
163823031
159897907
164893659
161657564
160745433
155707746
160659372
154819271
155587286
159409543
159645663
153991271
157712896
160924524
158521937
158428525
159952550
154812868
157745300
155655675
154703853
152746749
153750326
156501744
152447819
152839626
152769440
154264901
152474655
153211124
153276185
154864822
152251464
153352531
152034860
155738753
150023265
153271697
150872661
151287241
148129296
150250562
153026566
155986076
153288610
150059710
150598755
149996192
150219773
151107673
149970485
147195492
148009998
150196535
144974117
146646497
149154416
148960221
147303094
148353668
148669384
149084491
148090323
147946587
149314369
147063772
149646164
150005978
149320704
151854489
147838801
149428578
148214660
149147354
149466138
146433107
158350951
150343928
156032898
151250540
153183191
153673743
149697331
157345123
148843687
148528102
151964298
151655087
151464204
146460861
151229241
149313883
148344734
147325177
146516850
148197015
149671010
151515852
151099352
148610571
148286685
146039409
146697519
148516336
148263792
146429534
149963649
146887674
148674419
146900089
147871753
145176702
148113890
144387618
145407409
143486476
142900786
144522278
144427334
146109062
145028556
144447617
143146113
142964068
144441291
141453222
146360509
143511930
144285305
145435413
143055707
145640448
142435489
144752925
143709219
142822383
144043932
144469936
147064154
143724447
143037863
