size 120000
151730442
64208909
59800121
69291430
26422487
23122263
8807995
6431760
6213328
7230823
6134189
6983867
6239601
6050635
6866974
11915465
7328834
6541779
6091715
5863130
6047064
8318621
8689568
6699740
6806029
6597215
6124370
5668009
6427609
5595343
6123928
7480219
5790832
5523638
5689742
5678702
5754756
6888655
6335684
5996230
5507290
5195655
5326323
5170529
5228321
5490420
6088280
8961347
6230787
6126224
5907446
5404828
6277237
6718865
7036733
5941693
5682131
6376728
5513437
5683090
5366666
5675251
5860488
5311292
5620596
5484601
5995701
5204424
5247076
4833372
4897751
5059443
5357163
5957294
6004478
5370595
5086010
5098981
5591367
7002271
5455461
5464759
5792914
5314553
5856130
7029172
5966261
5567563
5446091
5136261
5550548
5696517
6935167
4882934
5629840
5906435
6059722
6042385
5283667
5125462
6105687
5488257
5751015
4990007
6370724
6502185
6322722
5905046
5353245
7054965
5534859
5139913
5061824
4888235
5698644
4927646
8355165
7631632
6324050
5321843
4794791
9078121
7015048
6022721
5147666
4819703
4574372
5823663
4533357
7037038
4575807
5106850
5348059
4983453
4694193
4961057
4887112
5022215
5298855
4964362
4693817
4494682
4597690
6469245
4621684
5770868
5270237
5643883
5052718
5583535
