size 170000
170927423
90580269
94207267
27270829
14951168
15294473
18171477
25166360
16113816
13444272
13412948
12804510
21913472
13500456
24272680
15029057
13965546
13238102
13359327
11783538
16417270
12732426
12700776
14759518
16892947
16268727
18068500
16496695
11994711
13075025
12703094
12447080
12067829
14102091
12542789
12674554
12874967
14411292
13300888
12230598
11203740
13137817
12679161
11894963
11361159
12596882
11407909
11491895
11197360
12285947
11401391
13004258
12669091
11001190
11208341
11069696
10707605
12187222
13208769
11843103
11089881
12524365
10613366
11038931
10970856
11413312
12994283
13151208
11228775
11805632
11126606
12844572
11554170
11648254
12914465
11473032
11644246
10612506
12432606
12043002
10944442
10200889
11445799
10292986
10971105
11272355
12735497
13863542
12657339
12200793
12099401
10996270
10630355
10637993
10126286
10837964
10148892
11707125
11071139
10024536
9903504
13261097
13533095
10707654
11172698
11288100
14294485
12537072
11616836
11751428
10868411
10957682
10097252
10759455
10283930
10718003
10858585
10764700
10881947
10295873
10604020
11654234
10176365
11713640
13260884
12197250
11036056
10217715
11062481
11587449
10502260
11125652
11543436
10197293
10326791
10455567
11972088
10707631
10890980
11137631
10612979
10276993
11378139
10757287
10047175
10593669
11508825
10638921
11263838
11729070
