size 20000
5047045
4995759
2775318
1920078
2071129
1834102
1820362
2284633
1828052
2092457
4197094
1825551
2020964
1345524
1421041
1455029
3674901
5120053
4727829
4837211
4526771
9071712
20108958
8211552
5310483
8475696
5636005
7002927
4031141
4427686
4289625
5381330
4274862
5130200
4980098
3398752
16629027
15629018
3123795
429076
541543
500591
604219
618215
418747
501710
460844
511559
468990
500094
378518
468206
470493
371665
376157
360796
429839
356816
364437
473888
516649
491844
700068
871217
602748
602647
430399
355936
353488
351171
352295
375404
375006
371613
414202
367850
443873
363707
531092
361229
346823
340707
374655
336926
335113
336156
363785
373199
334246
344545
385122
419851
555636
495587
414029
422880
356839
470824
318243
407306
432604
363470
315475
315405
307496
319925
324491
321984
317347
326720
366990
313351
322960
317446
314387
311205
304517
304285
338854
319874
326238
379531
475482
350575
372751
389272
349332
360320
312474
311491
310621
311097
303198
302616
341284
350959
334586
325668
325106
325025
325145
386409
372193
371739
390394
354533
329887
338100
324534
321428
