size 220000
55810511
43056888
25945184
27428505
42122574
26678330
40789754
36446157
25790054
27998264
26062388
28259538
32866476
27468419
27405778
21672365
23059023
22237062
25685643
26121024
26681082
27012236
25067262
22807330
24909614
22223909
20690945
22702467
23283612
26509794
28852178
27381191
24828805
20514794
22259592
21879865
22652033
27523150
22266671
22786766
21636279
24989476
23419609
22047323
22475783
21087790
22315966
21548387
26134405
22380763
21277890
22156987
20406872
19596842
21299044
19460281
19971418
20343655
20291503
23045207
25858119
19895476
19979276
19854844
19979496
20543835
20363040
21168286
19486821
21066464
20295596
22767488
19414360
21273730
20735745
20589747
21334731
21891687
23859133
26075025
25463083
28375376
28545501
23779153
19805883
23339731
23956299
25836413
28183226
27796754
26428996
22760491
21161275
21237134
21626688
21126815
21354744
21838368
21275733
21752742
22583974
20333986
20885694
22623690
20680009
21540322
20600371
20799706
20286815
20565091
19726980
20592908
22622934
19601549
20304604
20724149
23442161
20298470
22328052
27177128
25783492
19690073
19497632
20892974
20371485
21677963
18839741
22629773
25901479
22153165
22290254
19178039
20189346
20485876
21751667
19858312
21622874
20964455
18439761
20676365
19478801
19549961
20384344
22470824
19929847
18542602
19996020
19834954
19841085
20834686
