size 270000
88605807
87234573
52671532
41690475
40774409
29852718
34765293
35331446
32126483
31858601
34322780
31697505
36817601
34750159
32075213
28959252
28250672
30855597
29098390
30632358
28647554
27751834
27274115
28726124
27651557
28016146
27954822
28423232
27486011
27983859
27164036
27211944
26296523
26556532
26824687
29467735
27225481
28132261
28344485
29653335
31348362
27901078
28763083
28778334
27470699
26941329
26822611
30941294
27324177
25850928
26242730
27761637
28630058
28129857
27895064
27191858
26719790
26506562
27266468
26924899
26587741
26226791
26121289
26300061
26730583
25306408
25902000
27456296
25688867
25978322
25442996
24898947
25592759
25913900
26054463
25431229
24914197
26688475
25364128
26476872
26009289
25894244
26209576
25488748
25723571
27734117
24758342
26869082
24655060
25102176
25346808
25516093
28587868
26829186
24817740
27206041
26577928
25551412
25020731
25852065
25764827
25137027
26444277
25988206
29772984
25712411
25238060
25606693
25669312
25333721
25217914
26026316
25315100
27556634
24604266
26188241
27487737
26955793
24174453
25325297
24755464
25069783
24674050
25016248
26651395
26158019
25277747
25410970
24255940
25545569
25003086
24526465
26449716
26649729
26071750
24467114
24535044
24359834
24304011
24649483
24762839
24953363
25906912
25673873
24046869
25071733
26313581
25091138
24565454
23875954
