size 320000
147518587
103499300
41374330
37955534
36908937
38992763
40784809
36841078
34740195
40201664
34535740
33693659
34000005
34557868
34423836
35972799
35220657
42043218
35057930
34251893
36611981
34340460
35116396
35206241
32639907
30618712
32847309
31891535
32344014
30876897
34279242
31724977
32329552
32241337
31889135
31220546
31081600
30504787
30339301
30295538
30650624
31093574
29524802
31474122
30119529
30628738
31505887
29862565
31000159
31433218
30627113
31843486
32105659
31458799
30622741
33200141
32543845
32176855
30076521
30803088
32464810
30460280
31165535
32782801
30605362
30507760
30906156
29507029
36036807
30942506
31773860
30293280
32002123
30180402
32608783
30697743
29891877
29255677
28913271
29918393
29669167
29178625
28843464
29689757
29677934
29596238
28401613
29842673
30164107
29531508
29959682
30421186
31426633
30355180
29594681
30732397
28591983
30147029
31527283
29621291
28956928
29400964
31569940
32936308
28676879
29434015
30463840
29216818
30487765
30230848
28383427
32300113
30806173
32909564
29074480
28706252
28259436
28660868
29291787
29740418
28760388
28391576
28525915
33190842
31079250
29657406
28451612
29090825
30028676
29092673
28330509
28745867
28506938
28538210
30181810
30076421
29310118
28195441
29492353
30011712
28515211
30782301
28289122
30290263
31741888
30813365
28700844
29303493
28495310
30131156
