size 370000
152025337
64962524
61901479
49311058
44643617
44938215
42349229
43066872
43921598
44149797
41736443
42613497
39835210
45108748
41797905
43321487
38731742
42427464
38978325
43299520
46361297
39642554
39937943
41479529
40601083
38243169
38057684
37471410
39899035
37924682
40604159
38260061
37213280
36624954
38554729
38449989
38322247
37462838
37678846
38684655
38140568
37450860
37655628
36861743
36005533
39029195
43194395
37495578
38133977
36602299
38170535
38289705
37105331
39041778
36938545
37681125
36228779
38033347
36893063
36562949
35942158
35862916
35248016
37165016
39401892
37327897
35753560
36088850
36263887
37870890
39399422
35678635
39330470
35163447
37926279
35729660
37995596
37018299
38323918
37762468
36600707
36352139
36656710
37769169
37903322
35205335
36195598
37327115
35731347
34706149
35694881
37034575
35532489
36022611
35317255
34244703
34848198
33978959
38254382
36261935
34973771
34430088
35400459
34360557
37029727
35159040
34585519
36277971
36191326
36602824
36035274
35738399
34496323
38271327
35091037
36025131
38355755
36324998
36093804
33812108
35250905
33379581
35427483
34509503
33714090
36155189
35949115
36919550
36232664
34724656
34549044
35110026
34657420
35103647
34867790
34378452
35455560
33763296
36257083
37392114
35692006
35716219
33603033
32928013
34492164
33791904
34079922
36324281
34718046
33523498
