size 40000
5122953
3923172
8752407
4315637
3220323
2939146
3114667
3765176
3311324
3425387
4218813
3738687
4297053
3267258
2746469
2424072
2134578
2432910
2597104
2470735
2951778
3137623
3380520
11524281
2513578
2324799
2467663
1934073
1870092
1539693
1573670
1646521
1532494
1542069
1627615
1904829
1773985
1795160
1427409
1348174
1414049
1457540
1235171
1136979
944589
1190601
1215441
1084027
1123624
942451
1013377
1355061
4202538
1408700
1456137
1567060
1400137
1550420
1391729
1322434
1189080
994027
1105759
1098227
1053245
970496
991982
1242605
1278454
1240887
1378953
1215662
959840
906921
958049
982659
878280
840926
835585
1011636
1055853
1144038
1065592
1031880
1117289
2934294
1409613
1161090
1142761
1171685
1067436
1063601
1102513
973668
844637
864071
835909
954106
935876
891583
1169589
1327680
1135704
1485080
1638745
1245492
1039307
1064313
992243
1055988
1000195
1369609
1051561
866561
4467225
2238665
2083327
3220000
2833647
1573205
1967718
1832966
1139110
2157456
1536113
1561054
7084791
2439423
3263392
1204682
1356415
1110079
1199184
1220630
1521967
1366168
3576929
1385965
1102392
1593817
1358020
2367049
1544560
1678451
1525883
1560168
1318985
1358568
1181594
1077101
