size 400000
80144604
67990551
69521253
54647008
67930668
57566817
50335051
49332362
48124340
48036763
47581290
46612939
51303408
48358621
47180521
47177449
47549736
48196495
47243634
46186322
48660026
55150767
46851748
46597299
47963546
46722199
43181910
44486232
52468857
50681587
52799734
53644981
49087061
45593814
44979070
42830196
45884391
46161843
46180633
48683522
48266563
50892909
58942301
51110975
45371471
45226778
44505323
51672250
45711690
44330060
43639527
44777127
46454976
44548944
43329443
48939964
44398791
42674751
43269983
42927098
42783783
40871989
45403381
45863244
42489521
43272632
41991599
40436115
43329545
43845268
41328555
42171633
42269876
44447677
41727529
42743743
41482271
41706212
41180185
41715113
41630360
41864700
42264456
40743587
42436166
43019876
42224683
41390300
41300298
42227962
41765815
41428349
42430166
42185193
42958524
42992387
43531448
43630440
53156438
45350733
40393083
41550127
40975455
40818367
41320873
40893935
40287819
41797084
42423630
42577276
40762094
40661807
41345232
39633132
40034809
40989032
39452675
40896642
40764208
41545702
41108667
39761550
40215338
40065834
39200333
40241879
41567959
40970400
38929693
40610202
40313427
39846568
40461797
39440349
41385970
40288125
41195611
40367857
39470117
40446520
41218189
41259898
41171342
40455316
40016119
42041734
40527191
39266784
39920504
39935125
