size 420000
166413093
80289108
94304557
57646263
63588369
53049782
53681803
56339220
51086003
58587236
51251384
51024615
49892118
51804288
50976492
52511536
51805821
50007093
51614227
51343038
51411611
51658516
50143622
50056166
48080935
47806111
51078748
50972524
50121655
49821145
48121031
46737002
50151834
50369111
50099086
48358154
48210709
47864727
48099082
49668032
47469684
48395135
47385589
48238103
48338309
51392639
47189937
47256406
47789780
49566516
47235697
46752214
46725974
46607478
46869847
46667340
49073034
46549391
48740836
51833284
48484097
46415714
46775487
46846764
45701430
46702959
48937380
48872876
46789735
47479861
46514338
47487195
47881492
47077899
45863082
46202316
47213659
46872128
48260116
46249239
46558594
47220280
47523313
46454745
46797053
47462453
48143548
46579571
46263740
48253993
47171412
46176020
47600789
47201069
46841271
46293449
45288435
46545087
47105305
45513154
46858674
45246013
44630393
45149298
45442270
45591451
44657400
44867262
44617506
45402048
45934270
44196723
45549733
44689420
46213367
44169462
44409342
45743766
45368355
43271791
44148708
45396785
44519935
43404620
44900692
44156639
45957673
44543962
43604368
45090801
45704200
44165599
44243879
51511082
46529307
44045076
45214023
44908658
44077450
43011332
43126334
44572093
44211333
45564611
42386812
43803665
44748452
43646447
44999172
43481972
