size 470000
269411161
75028086
66156389
71660874
71607737
67233730
66669428
65590391
61611631
61173569
60156346
61867368
61558673
59566964
61292394
61775117
66262612
61602943
60229586
61979822
59792614
65342225
62267094
63214227
64512184
62285707
57801468
62193175
58614919
59073885
57812213
56639771
60110435
56556225
58173220
56837682
62218087
57689340
58044495
57624387
57344346
57515977
57608282
58071852
58061898
59712004
57833180
57756142
59380071
57734748
61410745
56571325
56668745
56884169
59471072
56501228
57352553
56939841
54547077
56620001
56866076
59444337
56108423
56513692
54947160
58067723
54819358
55645696
56508875
55447914
56518471
61983002
55399578
56388472
56016180
56234579
55122912
55924048
53532225
55772028
54300711
55807277
55547983
54954654
54898889
55550245
54330384
54707021
56331260
56608910
57858845
56126092
55895055
57915659
54319408
57623487
57504576
55061119
55816143
56509707
59300323
56545404
61433698
57255060
57335090
59075036
56562939
55993994
55818670
54045154
53143718
55561669
55819034
52930591
54101284
53435953
54818668
53877275
54814807
53798864
52352252
53573462
54945056
53272638
52289522
54257128
51889070
54191808
54421026
51441199
53835815
54029588
52488237
52425982
51977158
52268484
52498189
54719848
52142579
53908395
53847207
50908633
53699917
52372972
52435756
53247387
52668040
51711440
53737809
54268741
