size 520000
184809887
102090791
85201500
78497882
73634153
72325925
74001903
70993239
69542001
68067284
73866989
78538933
74761135
70617987
75095291
70680639
68872776
65994639
67096234
68014627
67389652
66266658
66935872
65719280
67533752
65422439
66566361
64839416
65478440
67112054
65018451
64921175
68211825
63459068
63305246
62669090
62976197
66426675
64034465
63309409
70075977
63086268
63112762
63283478
61868912
63005856
63821375
62712370
64383752
64082463
64005304
62787646
62712603
67048656
69193213
67571863
63331310
63063355
64665734
61931853
63934977
64441859
62429508
61767789
62234647
61144736
62336706
62646602
62867079
64981869
60893676
61911783
62542749
64051634
64020604
62538188
62031011
61643405
60397865
62497221
60769574
61952061
62732382
62647076
61503410
63342107
60025523
61846360
60885933
66466882
62459197
61850710
61752749
61065145
60578624
61358359
59594853
61538072
61177800
65497092
66260120
60818298
60912671
58933126
60747895
61421271
60368609
60726979
59801945
60373485
61696846
59747529
60464480
60633259
60394938
60046770
61581499
60841408
59762444
60556643
60308057
59606692
61053988
61224807
60754813
60277479
60244500
60462058
60081030
58900969
57692368
59564616
58881249
57543687
59718813
58707500
59973997
60442825
59791442
59603868
59515826
58579648
58647720
59195944
59062918
58226802
58171127
58465509
59085038
59239432
