size 570000
273874994
98850186
104396312
97859126
90233883
91904665
91633943
86145464
85165547
84771645
85824748
83960273
85419726
87566846
84794777
85879438
83807363
84461457
85327702
82680398
81286303
83235551
81793664
84433645
82390353
83688909
89471917
85989880
82121570
80518375
81889396
82414256
80207866
82780829
81793861
80005587
80949170
80096145
79839414
80466019
80251007
79515126
79670402
79297623
80122771
81925305
79637454
81969101
79530505
79269502
81285366
83814352
80564558
78831268
82532283
81698307
78877594
80164849
83216209
79917579
80339317
79934203
78998975
79296365
78648839
82219464
85181765
85699474
78822309
79896065
78331516
79028813
79609340
78339108
78867853
81343936
78405262
76964153
78032468
80413072
79457906
79277918
78133413
78562170
76541841
78174106
77664397
77420122
77579043
76147119
78620952
75783656
75919255
76844829
75953970
81329361
75903359
76170652
77293829
77442654
78072098
77272889
75938714
76253692
76061200
76542932
76823807
75618672
78688521
78062566
77276397
83850525
78041033
79917385
78777581
77381569
78542575
77470159
78748189
77094382
77727490
78884305
76650686
75753668
75988323
75965528
75478761
78409613
76709321
78476641
75933178
77041082
75082927
74662651
76327153
77045095
76021881
75039400
74247099
73451625
74263537
74208523
74097588
73273951
73928540
74408510
73644265
75266436
74643603
74495626
