size 620000
216789526
106976554
104186107
106837609
96204849
96670494
110055204
95383417
101189565
91537493
93882062
89385557
91119727
94855104
93483976
89854028
94668058
91065273
94485423
96299378
89929665
87202227
86641684
89525023
88879514
84739520
87052263
88021053
88956366
84864076
87816308
85202435
84970834
86301903
89953995
88034004
83721238
85768459
85923877
85033839
87117212
83957335
85915755
83959665
83894762
87331582
84037052
82491254
84446853
82440988
81866067
86587372
83395025
83637240
81031313
83701204
83572542
84278092
84374258
88700136
83199394
82762925
83368172
82389622
83432000
83158732
82005424
81713183
82141340
80343401
83820105
82027524
85971876
83512979
83106192
81237804
82048056
80426908
79711830
80356040
81439429
80304588
81471622
81270344
78962131
80864761
79100856
80463137
79797048
80667459
79430077
78907863
78376601
81187553
80037871
79875486
80619050
80288076
80384344
81395500
79567932
81303032
80859475
80024810
80533975
78526087
78799173
79630230
81727335
80982044
82481254
79565827
79902914
79506420
82420098
80502672
79128776
79670043
79611270
80700510
79812948
81457740
81766243
82578292
81666401
78291885
78554446
79559799
79810390
79978004
80603287
79968701
78760834
82795672
83849762
81812275
80811808
79293607
82285543
78430410
79364018
80356185
80354233
78195582
78504863
80414717
79439244
79316096
79954415
78198253
