size 670000
231497886
136554750
115082402
109134069
110158595
105955680
115032071
105786761
111154648
103912056
110842419
102226315
108355012
106451228
103495248
104295269
100809162
104334513
100266233
98350090
98984571
98888623
97752891
97136385
97454920
99509373
99440042
97542290
100270200
98413539
100279617
101646444
99202020
95964233
98169086
97687713
95819984
98340173
100031305
96036278
96471766
95899963
95858665
97190534
95622175
105217470
94074798
95432246
95807396
95208072
92675818
96192368
93985013
92634758
96097420
95559987
97002521
96100767
96114934
94572741
95604078
94947507
93779127
93339250
93689525
94917016
93807159
93808342
95667608
94276902
94806359
93240415
94579457
97264542
93941459
93012069
93780944
94194840
101478950
94687141
92961120
96974936
92985153
91332953
92028175
92313948
90863673
92827614
90594551
93347523
91388172
91492786
91331604
92159340
91364783
90491765
90793772
90668434
93882417
90656775
93004992
91004535
90195998
92025123
92787115
90688074
92090335
90961521
91476196
91449534
89901138
92839067
89320359
91553740
92405118
91601451
90245770
92428196
91882544
92326450
92083360
92583363
93268839
91602371
90667672
91236198
91136834
90885182
91181216
92564495
91108117
91625001
90909762
93720915
92261788
91361511
91475389
89595913
91762351
92911669
90198857
91760142
90677511
89000787
92028095
89684934
90407215
92939271
90234969
92154700
