size 70000
15884131
10130855
28032021
19465469
15693135
6056895
3640740
2706621
9352562
3450018
3372414
2803559
2691881
2510362
2487692
2273932
6230071
2724090
3028740
2420896
2394632
8920495
3606686
2463949
3116388
5414439
3511473
4085797
2717582
2864235
2287847
2288260
2689513
3048267
2512342
2814971
2612593
2182900
2052194
2604226
2903549
2378154
2312226
3781306
2052782
1951616
1917503
2348070
2763378
2298437
2084070
2282023
3904612
4343904
2205748
2733946
3538131
2322713
2137480
2274127
2360430
1935344
1770703
2829820
2785852
2140376
1948781
2183972
2927873
2810561
2962237
1923939
2658587
3194730
2535047
1836332
1716930
2159030
1761577
2035475
1950323
1798727
1972944
1906364
2078003
1980557
1615303
1840461
1849994
1686860
1739783
2152483
2094142
2431120
1950435
1910170
2194111
2300751
2001745
2198824
2040356
2482023
2183240
2171305
2776787
3103700
3562544
2882088
2720326
2043097
2352470
2224050
1767351
1918461
2114749
2215335
2949234
2951356
3061725
1975643
1611164
1681726
1876797
2087626
1615364
1800670
1714991
2122447
2541787
2028101
1916512
1705500
1620605
2158720
1609042
1523127
1629785
1442803
1734617
1876695
2118453
1571134
1457018
1487984
2031082
2287367
1613127
1502127
1553004
1627031
