size 720000
241760439
129031954
115296329
116654074
115535676
117304324
115843940
112423775
117804418
123623876
110183653
107204822
109992089
111184329
111431456
106307718
105841778
105057050
104748313
105655048
103907784
103272750
101942639
102708469
101582200
103556160
103499778
101053931
101557360
100845589
101683517
105008099
101792596
104110479
104482971
105082205
100471945
100584602
101118863
101043991
105813126
103434227
100017570
100233137
100152524
102251430
102097460
104745755
104833447
100817320
101122306
104907848
101307234
104489203
99015273
98044595
99936419
97588999
98531374
103274892
97628389
101071078
99591936
100608067
97482721
101126785
101126624
110460652
109185602
99825804
101205060
98763466
97713611
99594112
99398924
96927570
96729098
98707958
97692230
99686910
96591971
100544127
99899981
101200869
98683640
97348918
99575434
97943726
98117382
104000305
98574298
97355599
97897566
97901947
96830830
98227702
96974563
96177132
97012103
97002122
94817341
95487065
96721752
98638620
97330066
96430181
97433417
98663847
98258042
96599481
97912686
109314301
96165682
99075739
96876505
95471524
99085591
94498414
96398222
97113229
95674443
94237179
97356443
96122352
98468809
96936053
96420194
97161052
97813978
97393197
97237483
99871210
98072533
95197983
94874853
97772171
96641046
98117536
99325754
96570655
97296565
95433577
98418829
96464578
95008518
99251536
94024822
98083689
99840290
96792428
