size 800000
291277282
139234550
135941798
129890063
134028539
129792023
134093769
127217575
135230606
126807569
126577798
121456148
119142863
120251363
119332962
119167038
120835613
122045117
122020980
123366013
117270936
118842124
119739058
119821632
119662471
118197432
116501635
120907796
115926209
119187652
122885185
117365828
117185963
116213358
117158466
120088311
115815493
117379681
115124225
116403248
119284616
117924951
115807005
115668170
115800021
115163260
114516929
114516120
112993000
115039370
114914295
114493345
112878619
113860699
111815975
110785212
112253825
109183477
113248812
114602958
111341386
111399517
111977404
114848928
111837415
111625475
112742393
113753796
113714244
113747569
111645575
111985548
112042433
111969305
113527921
110677839
114049956
113114271
112596606
112999916
112323911
113696923
113003078
113307026
113440850
112828772
111856213
112985721
111734713
111740452
111792900
113443602
111114444
113658704
111567047
113404449
110904307
109933640
108778689
109578808
108261141
109744898
110727746
111507223
110969813
110000023
114455794
109316336
112522174
110899571
110287989
109707881
109399655
110832165
111090167
110150476
108316698
109104942
108582155
108306789
109816386
109049827
109218049
112754456
108874891
109548252
110276159
109767494
105452732
108902560
109191177
108574353
108562698
106695899
110075599
108765171
107586649
109515483
108843176
108108611
106689742
111181656
110420420
107505891
109759393
109176906
108561668
108187723
107492309
108405154
