size 850000
338534501
162597222
152035022
165272558
157216755
145045776
150901826
141457288
142670332
137719748
132680969
132832085
131229335
138931818
131888637
131436829
131946042
133290735
128950868
131843200
132284669
134207577
131262533
130747615
128373763
130762859
130845367
128222703
128397937
129077251
131361025
133080612
127712790
127241670
125958711
124722171
124425030
124274728
122741136
127501763
123695228
134290583
126305242
125590279
124688619
124936349
120432680
127017330
124522472
126757847
121718560
123845132
125113672
129901159
121917287
122077775
125383905
120618282
122747077
123367591
122741428
126471706
123556429
123882873
122527359
125525155
122393742
124047212
123050447
120532240
120786276
124565598
125850500
123508499
122211292
122980441
130719866
129297516
124762628
121533072
122778124
123030587
121208620
123372478
123105017
123176394
120666375
122049920
119663998
122275708
128286282
133061003
136745320
140111720
195562562
135579244
136978646
132504233
144225822
133216053
125409973
126204385
139165179
138393147
120955323
129959233
118563446
121895651
116262963
119493587
119428557
117842094
117712335
118611193
118560620
122212076
117759227
123189866
120781831
120235733
118543894
119233975
117006192
118074606
116607623
117918104
123210122
120391664
121989195
121438851
119769546
120757180
116997954
118146538
118517281
121534714
117154480
118314584
116807635
122653095
119235075
117625651
118752064
118725659
117623516
118883695
122262732
157752930
128334667
134550335
