size 900000
386420281
178670248
158778934
155145992
162622471
157515894
147281979
150800302
152697485
146938996
145678062
151487236
147849710
142681363
148876835
141690428
144644180
152748100
146696541
144046518
143280256
146530396
144039293
142900839
146403797
142425123
139413617
142725526
140224414
137689291
139492147
139699767
139388854
138530541
138684339
139664984
139584554
138233092
137797041
137933164
136113140
138531424
134952995
139089968
137109472
139707889
136463396
136836023
138519220
138655066
133085541
136157093
136182556
134651886
131666307
132046880
131449177
133029394
128858724
131591644
130073866
129856943
132121894
132399614
138335471
134355267
135028477
130818857
131847435
131485136
133136447
128050648
132783824
131873546
133289163
130482654
131462413
133150490
131856042
129593781
128720918
131944576
129525556
130789937
129537977
131047171
140447025
132071406
131227943
132564128
132223993
133681196
130517843
130875291
131652048
130871571
129611329
130675703
132048437
129333680
128456922
132241932
129927161
128684774
131755728
129360081
131200686
130167602
131891632
128618783
128313391
129361251
129047626
129130866
126508493
128279615
130430588
127575287
127489351
128588927
127901962
128142433
128153822
130404937
131042622
133297202
128252453
132213493
130212663
129730495
130421900
144863973
128838187
130387037
128345769
129571750
129581195
131789398
129713581
128916990
139487973
140113481
137373036
139011432
140656647
132897156
133667170
133436333
133955836
133521181
