size 950000
342006657
179473553
173903092
174497418
176338218
164779699
164261955
156607729
161859096
154539916
159447070
158382776
157488581
157715099
159138145
152856567
153728708
152817832
145812477
146640783
148433270
153673289
150470377
152999150
151960997
152292813
149902950
152933423
150605531
146052123
145527913
145983793
147852807
148403616
145682607
151622738
147199603
148087273
148525233
148793044
146686975
140765307
149151701
150696999
147589588
161348031
154153851
152313048
147202935
145425373
149906113
146848756
151734947
149788185
145899773
145025056
142200746
143524049
140770299
142522228
137166608
143206313
141393889
143309339
141171571
143035363
140085520
140505583
147270524
143974451
140952728
141680156
143624278
144589373
141608864
143829522
146008494
145140489
140956284
143184708
145436868
142819604
140864092
140361931
139089546
142587806
143268581
153603986
144028923
139370258
141290700
141735260
143292532
141383253
143986135
141276896
138690075
151633197
141995880
142748143
149217761
140125003
139355619
142920961
141462213
145938087
144564040
142931261
143363496
144537296
143736943
146221752
147907442
145369764
140416455
138026462
138945922
138488943
137420734
143359231
142260873
145863637
142710651
138980729
146066556
145391054
139841094
145033743
146422905
143825224
144988058
137537870
141895281
143653044
144201424
140483212
141132278
142580534
143580342
144335467
145508483
146355914
139052001
139942843
141215831
140258901
142566200
137312714
137053588
136436423
